# index timeseries 
0.00561174384111085  
  0.003196675901962792  
  0.003522860349246426  
  0.0012456082905971944  
  0.006880237046838794  
  0.0041551256291254  
  0.0035527939024929955  
  0.005859814561720078  
  0.004816701527590589  
  0.0025783117203468653  
  0.0033689753268327793  
  0.00799806381845336  
  0.00641867787651354  
  -0.0016285968142104035  
  -0.0018550665872603123  
  -0.002277153833573964  
  -0.0026974926731389015  
  -0.0025698810423946394  
  -0.0021762787134511075  
  -0.003232956729132125  
  -0.0026652392910215816  
  0.007067770135800289  
  -0.0028442209310426125  
  -0.004156910814800102  
  -0.0028569155309064453  
  0.0016665635179741733  
  0.002052844440400381  
  -0.002129014345353869  
  -0.003445792095155581  
  -0.0024450617793950746  
  -0.002498941275078881  
  -9.729815022305188e-05  
  0.008294899867511252  
  0.0002098756451360817  
  0.001631588619068064  
  -0.004427255169356742  
  -0.00212332390632608  
  0.006956155421274979  
  -0.0005385642482830244  
  -0.005671713118628574  
  -0.007363865974040595  
  0.004045042359583723  
  9.692324584606449e-05  
  -0.004583121033683163  
  -0.0016670699063415506  
  -0.004975064926007938  
  -0.00678399815868419  
  0.005130864225127985  
  0.006435940897036557  
  -0.00263248042990763  
  -0.005573285983312332  
  -0.007043371758317568  
  -0.006222548040491632  
  -0.0037250406942448966  
  -0.00541192345195346  
  -0.008560545547244641  
  -0.003289812882027343  
  0.0003528238820392493  
  -0.0026110089017810645  
  -0.0020186000899946044  
  -0.005468260391601004  
  -0.007995116611905745  
  -0.0033166603776483283  
  -0.01579420407820256  
  -0.004039459573271481  
  0.001073127102713456  
  -0.0064175641788793425  
  0.0003766433807706193  
  -0.001145705668394642  
  -0.00690015833965793  
  -0.005151588256867151  
  -0.00020316765074288035  
  -0.0002476890561132761  
  -9.920973832455715e-07  
  -0.001832555119470114  
  -0.005077130682035691  
  -0.003730877027305679  
  -0.008900896191756158  
  -0.0001669050962398444  
  0.000450383764393103  
  -0.002570709130464255  
  -0.0018831215507017773  
  0.0005162269909317896  
  0.0031937106771375845  
  0.0023617672568246317  
  0.0024438213315477186  
  -0.0046648984743491995  
  -0.0012289556021427006  
  2.8367968606335392e-05  
  0.008474374298025195  
  -0.010615067840425707  
  -0.006277823251014336  
  -0.010814677117647165  
  0.005336575635893431  
  -9.588768135632142e-05  
  -0.0013837519544213917  
  0.0061301023292561485  
  -0.004556078279763676  
  0.014228055697240755  
  0.016652463090149172  
  0.0031702882108665398  
  0.0012558152314509075  
  0.025329732304215535  
  0.0002358126749719136  
  -0.007479265113189221  
  -0.0024313592574800036  
  0.0013070226222417491  
  0.006860773237615414  
  0.006823970771815152  
  0.0181240959224728  
  0.0001468566640222546  
  0.0031197460441777514  
  0.018266144032536125  
  0.007699535369354693  
  0.008913253275115274  
  -0.002920584897696449  
  0.007199865018628876  
  0.015076830878819947  
  0.01445833678890246  
  0.014403811917577558  
  0.0016007078658737128  
  0.00428730624141882  
  0.0023999534559178137  
  0.01447065744203374  
  0.008064820588339267  
  -0.004301609882455981  
  0.008377434020904753  
  0.011743599875707222  
  0.01193133811758984  
  -0.0009512114405010735  
  -0.008205565093044875  
  0.0022761411822133926  
  -0.0006392153569023673  
  0.0022005371994169853  
  -0.0002757466833439304  
  -0.008266468515900599  
  -0.015266287960499725  
  -0.013358702362588862  
  -0.002972142458232907  
  -0.002004929399165273  
  -0.006793448793105367  
  -0.0029290377248233773  
  -0.008391906677393535  
  -0.0042818400250528715  
  -0.009981724356374844  
  0.0005432946811147615  
  -0.015097509419294122  
  -0.010572731017953044  
  -0.010127736568986467  
  -0.002171844102274903