# index timeseries 
-0.006144855554003847  
  -0.008086503383827964  
  -0.007293296396261639  
  -0.009109923483669402  
  -0.0030210673252275277  
  -0.005298348909781869  
  -0.005459248372296416  
  -0.002717193017992725  
  -0.0033316689260868004  
  -0.005147819176336332  
  -0.0039413135818974765  
  0.001097219328634852  
  -7.911976343444316e-05  
  -0.007729745173329056  
  -0.007565963234590856  
  -0.007604196338157648  
  -0.007647078604016949  
  -0.007148407968608217  
  -0.006390144204041465  
  -0.007088558353140484  
  -0.006168974617489137  
  0.003909503537832315  
  -0.005663416369552254  
  -0.006643432662892607  
  -0.0050171613576230345  
  -0.00017380385640772267  
  0.0005259579493119837  
  -0.0033488175221899896  
  -0.004364909526780675  
  -0.003069891034850336  
  -0.002835879923405532  
  -0.00015274376046231497  
  0.008514549726318182  
  0.000698223403947984  
  0.002382236708843688  
  -0.0034207043176585905  
  -0.0008672678617466234  
  0.008455319089694519  
  0.001197309474935404  
  -0.0037055269096525068  
  -0.005173764848348111  
  0.006452660832951429  
  0.002715661497847771  
  -0.0017596605720886505  
  0.0013547151958045178  
  -0.0017613527523515082  
  -0.0033847564825586485  
  0.008709237834681444  
  0.010187048870976712  
  0.0012849643393779975  
  -0.0014959019877224256  
  -0.0028124461054646333  
  -0.0018444782994168907  
  0.0007937755660104573  
  -0.0007587582415587157  
  -0.003779428955751729  
  0.0016128575215225427  
  0.005370650528604859  
  0.002515576418759047  
  0.003210346335478814  
  -0.00014335043023550043  
  -0.002580640683689378  
  0.0021809839483776794  
  -0.010219788923408107  
  0.0016053288412501698  
  0.006781891207921109  
  -0.0006512219520269091  
  0.006194166160226611  
  0.004716600094623685  
  -0.0009994671621184614  
  0.0007810907661521815  
  0.00575510164871515  
  0.005729772950742229  
  0.0059892650478285125  
  0.004164099595056703  
  0.0009195240327649346  
  0.002259380118727533  
  -0.0029234341835315814  
  0.005791364205134902  
  0.0063830627898768255  
  0.0033299820500871935  
  0.003979184215876175  
  0.006333749774495023  
  0.008960052908644905  
  0.00807053136723479  
  0.008088609751819548  
  0.0009095166867430504  
  0.004268688730728748  
  0.005442843904215761  
  0.013799284267331402  
  -0.005386121406463967  
  -0.0011512379214382307  
  -0.005796850461497943  
  0.010239246049574546  
  0.004685228920815465  
  0.0032694132671998444  
  0.01064891860128564  
  -0.0001780085263671516  
  0.01845898136296309  
  0.020729847099156123  
  0.00708773299411683  
  0.00500692321990337  
  0.028908105928828948  
  0.003635054366705026  
  -0.004265552923377575  
  0.0005904258613689262  
  0.004130483101086713  
  0.009479511507415245  
  0.009231589263528628  
  0.020314197067058698  
  0.002113042892439354  
  0.0048556197873848295  
  0.01976530772149196  
  0.008955591435018062  
  0.009919804148444983  
  -0.002169936785741622  
  0.007688212800167599  
  0.015296480760901343  
  0.01440289120248528  
  0.014066873293620635  
  0.0009758786353358251  
  0.0033681888352587175  
  0.0011801503050943296  
  0.012943770977505625  
  0.00622445324106527  
  -0.006461855681517026  
  0.005890912201015425  
  0.008924404465948388  
  0.008773071548920292  
  -0.004454946737122545  
  -0.012061166686659519  
  -0.0019377242774356318  
  -0.005217742251626967  
  -0.002749048699424411  
  -0.005602789155343346  
  -0.013977365130099256  
  -0.02136743628593886  
  -0.019856499968309682  
  -0.009872986913276621  
  -0.00931521827257309  
  -0.014519579653918507  
  -0.011077408142083092  
  -0.016968914220141004  
  -0.013293882262329332  
  -0.019435198857221503  
  -0.009358009652343319  
  -0.025453041154404832  
  -0.02138888772375762  
  -0.021410915814526102  
  -0.013928443456590833