# index timeseries 
-0.8494023026387142  
  -1.2865920699602151  
  -0.861079846967072  
  0.17378995071537395  
  0.8266375714852743  
  -0.5562718270109906  
  0.2004443416085937  
  -0.3374953016159078  
  1.0332941572376555  
  -0.08273594720855693  
  -0.27473539882814935  
  -0.4704385666021338  
  1.923450131576263  
  -0.13209682240820153  
  0.5037676498481365  
  -0.08042154913059507  
  -0.65228004234777  
  0.3745542399810592  
  -1.23258348819648  
  -0.3422003008140724  
  0.30667460021074444  
  0.26714039003016987  
  -1.0904505852324082  
  -1.329508318654117  
  1.403441035121053  
  -1.3664671324536632  
  0.10223249533534073  
  -0.5208126206957157  
  -0.6925205680622282  
  0.6158558177445402  
  -0.7159227314975068  
  0.9142531017118781  
  0.20220051601624411  
  1.8931671140780022  
  0.4687652373854862  
  0.6086590011479716  
  0.05419949007686253  
  0.16243458621815687  
  -0.6555499425129836  
  -0.7418491318587299  
  0.8828435741035888  
  -0.4201483619082842  
  -0.7437112688110283  
  0.30926908551941895  
  1.3317747799562358  
  -0.4041023213924223  
  0.36469250978717493  
  -1.2333044081094022  
  0.6767997866274288  
  -1.3252983477572569  
  1.5972670872356054  
  1.5414380364886275  
  -0.25661270878103937  
  0.449371673273678  
  -0.36739352504999756  
  1.7079642680698843  
  1.5480551914528675  
  -0.5107964115110469  
  0.11588763060751817  
  -1.7512479765665308  
  0.9361008586681749  
  -1.3155041257797941  
  1.1577499902591093  
  -0.8285452286331265  
  2.0737527688256723  
  1.6011629154801406  
  -0.5298456886100508  
  0.6370780199079101  
  1.974567044715001  
  1.2441426805938463  
  -1.2213578469693487  
  -1.5237778397572765  
  -1.4769952964323225  
  1.0081572151056966  
  2.6129582355215897  
  -0.4357306091025003  
  0.4516559515047902  
  -1.0767190560544524  
  1.1176051930402968  
  1.6689027132448295  
  -0.18842465225265093  
  -1.2644474924239524  
  -0.06350511481230975  
  0.3975472867076826  
  -1.3578883132851072  
  -0.16650449007472629  
  -0.9828922443201937  
  -0.13984323106368907  
  -0.2903428267496511  
  1.3288416826539091  
  -1.251879427515422  
  1.6581504878330913  
  1.4953291694927442  
  -0.7016686990436141  
  -0.6849676782408503  
  -0.31954872186842687  
  -2.0207331997391655  
  -0.06800343403178455  
  0.5270379905982657  
  -4.293445617898852  
  -0.7188078474675361  
  -0.7316636207898339  
  -0.8994345385040288  
  0.6547943965226306  
  -0.4711673839513686  
  1.5332973519018478  
  -0.522364022716993  
  -1.5955862081606216  
  -0.37933545807800517  
  -2.2103589330591533  
  -1.371807119714615  
  0.6712430456675177  
  -0.9309479244454169  
  1.7439306620873163  
  0.4528265320944377  
  -2.2447982336553975  
  -0.4433309239004566  
  -2.0081453951166255  
  -0.19955579663553158  
  1.8532115247385068  
  1.7735570314257298  
  -0.33737517791798327  
  1.3924597724341554  
  1.3965687182309754  
  -0.9520637231313885  
  2.360339358859182  
  -0.7611673017424143  
  0.25041241786712654  
  -0.23459511563762092  
  -0.5092664772996034  
  0.6038671170498529  
  -0.8633617445529679  
  2.3049683451757255  
  -0.3102743219149987  
  0.04359939048346462  
  -0.1851471570673786  
  -1.3925818102124645  
  1.5044770482405996  
  1.3150894464108842  
  -0.5964854365730574  
  -2.4410840841253982  
  -0.6253595063066085  
  -0.5575117592934462  
  -1.3198507021284016  
  0.11057812406524081  
  1.3934470614531556  
  1.7767544518773128  
  1.5176277864900363  
  -0.8921404546670237  
  1.0880541038241933