# index timeseries 
-0.4682630213953968  
  -0.10160939638427502  
  0.8719704844455947  
  1.140536776509252  
  0.10624475760931884  
  -0.5848250649085681  
  0.10757752077453275  
  1.0020941913162238  
  0.15203129010133398  
  0.7802341967902062  
  -0.349014359926745  
  0.5661037701086643  
  1.1170468213441365  
  -0.1836676977536994  
  0.9148594281052584  
  0.4060150917555895  
  -0.16738561766600002  
  -0.36914205146789303  
  -0.9547296887934689  
  -0.6278415909166926  
  0.02939314410405902  
  -1.1958961712739646  
  0.19522790574106347  
  -0.4546132833125318  
  -0.04721148367693784  
  -0.8647901020573266  
  0.052994862528110254  
  0.8771488003823767  
  0.4051978347084042  
  1.0935763123213063  
  0.4937720424263439  
  -0.7702539214688999  
  0.6697718266356819  
  0.6817765210863881  
  0.036388334468638595  
  -0.5460604000409177  
  -0.029483401251012897  
  -1.2772683283291115  
  -0.2300467566362746  
  -1.209406374528843  
  0.48880861489132893  
  -0.6651890847354107  
  0.982402796956525  
  0.4216591952023251  
  -0.05458186753370248  
  0.04762303225376391  
  0.7624505698511272  
  -0.9298861327210363  
  -0.10503115700276217  
  0.3545344422486815  
  0.8075971880128798  
  0.6924478036617769  
  0.029575706138951663  
  0.24130508036551457  
  -0.7728549105711688  
  0.34466504065720993  
  0.8831907900695092  
  0.32858309237896133  
  0.0707493347648005  
  -2.0062990531685654  
  0.3995860254279444  
  0.0007380657321646167  
  -1.1674845695261826  
  -0.2935762319623022  
  -0.38002923596544835  
  -0.6711545206093531  
  1.385656720864143  
  0.6406402468431356  
  0.2407122154180108  
  0.3790930686148938  
  -0.9240243626345142  
  -0.19804206948284242  
  -1.7317308464463879  
  0.265792622761279  
  -0.34000751040827093  
  -0.36777316536560045  
  0.19200536787361439  
  -0.5958704426241482  
  1.0014091513592298  
  -0.029273091010707547  
  0.252590067878215  
  0.48267206133326795  
  -0.21012682722216042  
  -0.5653555439271182  
  -1.3163791217310237  
  0.36534962381112235  
  -1.4528168623407556  
  0.6206473720438105  
  0.03060044757244587  
  0.32215546832562947  
  0.14539098088863286  
  0.6928350300155534  
  -0.21340178150317787  
  -1.6582908983076647  
  -0.7226787577654  
  -0.740454920612076  
  0.5831704229986169  
  -0.03284474237664384  
  -0.15436056393253608  
  -0.6335989816216346  
  -0.2295704796174035  
  -0.4763464087635142  
  0.029588334725957288  
  -0.4778539503461202  
  0.5476663375169236  
  0.35581349005998897  
  -0.5726178962688766  
  0.8993266391612639  
  -0.0034270791689407776  
  -0.037277676483077615  
  -0.41224430074067436  
  -0.29245707839843366  
  -0.28960399220294786  
  0.00984198650692708  
  -0.4963667263760287  
  -1.4744304532933867  
  -0.7439397737266753  
  -1.3781471026039247  
  0.4871712806739712  
  0.7975735649936603  
  1.3753429116472473  
  -0.20701590402352604  
  -0.18873120890436387  
  -0.4584820106745295  
  0.7628350623182442  
  0.5511099788863667  
  -0.7429095936749187  
  0.539980773436259  
  0.8384564586354607  
  0.16701900987014506  
  0.10016971411795006  
  1.1838715852343462  
  0.9886510551574131  
  -0.5582851524246667  
  -0.08361178268288072  
  -0.7927588718612555  
  -0.9567721738402777  
  1.3924691560027482  
  0.7406078255438832  
  -0.31849727306192094  
  -0.3229650157628785  
  -0.0018561244691549517  
  -0.45689373757914814  
  -0.19638743850443663  
  1.2666216621463593  
  0.25644397591269996  
  1.077461885035007  
  0.3908682799437013  
  0.003010349158119152  
  0.6155742931889202