# index timeseries 
0.3317085223875187  
  0.31303520199192825  
  0.18823532082300753  
  0.3471779055685301  
  0.23906527776946607  
  0.16236508153485346  
  0.264809961548648  
  0.37102230081531107  
  0.6902598531030446  
  0.32645344736948245  
  0.24665007676500672  
  0.3326972592649535  
  0.4122207945604355  
  0.16134505468085975  
  0.14496924234156194  
  0.008878120540385337  
  0.03706075330468489  
  -0.0815035119585163  
  -0.051084554205675925  
  0.3411624443319274  
  -0.0037159865185208973  
  0.034654331079943534  
  0.06341293376699325  
  -0.2209029649474693  
  -0.015808476558712536  
  -0.08523314787678798  
  0.06906542136998461  
  0.10573141004363329  
  -0.0665305044019796  
  -0.061202418945731085  
  0.11449972224141941  
  0.15553205866776185  
  0.00451401308320637  
  0.03158152725632585  
  -0.36115716741050496  
  -0.16804839809151584  
  0.032211389049069894  
  -0.16086123242466355  
  -0.1714002931922054  
  -0.2945384693180402  
  -0.19023573911270664  
  -0.362002461427658  
  -0.08579515543506339  
  -0.25795217463525333  
  0.042887986331689526  
  0.045696153528912264  
  -0.06726883483753332  
  -0.401672119735058  
  -0.26297148107700635  
  -0.03299529715806043  
  -0.08751038847435855  
  -0.02735817883708702  
  -0.155160719691115  
  -0.21314521816782206  
  -0.043763484655695406  
  -0.2185629030550168  
  0.22247993709707675  
  -0.11157670134331754  
  0.04504368328028138  
  -0.29839188538195704  
  -0.11951108261707988  
  -0.006326195151846209  
  0.05943309794426077  
  -0.20242978759552233  
  -0.15297127233117108  
  -0.047382973569441794  
  -0.22766050540974747  
  0.011635927593806189  
  0.12133244209253151  
  -0.06817677202200173  
  0.09208734687658177  
  0.07466995543672444  
  0.14668032391859714  
  -0.030319019349160967  
  0.25360119719909646  
  0.09953568026444579  
  -0.00835899169911046  
  -0.06526998130697369  
  -0.13523574145995348  
  -0.08307688155325015  
  -0.26585351410452  
  -0.3528926936139265  
  0.0030169637460930876  
  0.035183965762193695  
  -0.18187441164126886  
  -0.16809869676345113  
  -0.3110902597888997  
  -0.2222079432152575  
  0.07994636873120294  
  -0.03503596875858418  
  -0.23167975560312237  
  -0.06552081117152253  
  -0.07420790504740415  
  -0.2134004939857782  
  -0.34573816777541055  
  -0.31555918232557223  
  -0.3019869339994209  
  -0.3136453430563002  
  -0.3048730824081586  
  -0.2774261332672857  
  -0.12487876953637161  
  -0.3782349231727377  
  -0.4043421111827168  
  -0.018427643501611066  
  -0.4696662876320243  
  -0.1976207896995677  
  -0.40848312607023396  
  -0.05978744446154399  
  -0.12166746528762931  
  -0.2062198313810062  
  0.08444373148425255  
  0.17072671457194244  
  -0.23800361966548703  
  0.09992939731772182  
  -0.1141503596679806  
  -0.2104110778704049  
  -0.04757755539332953  
  -0.029303523323269243  
  0.14255389180866196  
  -0.12521789691206558  
  0.1339120694723323  
  0.048868980622428226  
  0.061875204363365965  
  -0.025315617453579964  
  -0.14312595806850112  
  0.17032923546362116  
  0.015304523291530536  
  0.002469455182983249  
  0.3290532403403157  
  0.08992403997976545  
  0.03972533527038885  
  0.08218921514636546  
  0.34637355603940934  
  0.18433720069004178  
  0.19352772433510523  
  0.23928174793317458  
  0.18517676808982309  
  0.3231731255627758  
  -0.027956770195542435  
  0.10318633323340543  
  0.3803837323646516  
  0.0669695504435402  
  -0.002439258723402671  
  0.1445184437568785  
  0.18314236927988448  
  0.3299492400479944  
  0.7151080035286814  
  0.5713924374424131  
  0.3018714685479863  
  0.43574320799030575