# index timeseries 
0.0006149707048573316  
  -0.0047257234486176025  
  -0.1163731490003152  
  0.05554172073753785  
  -0.03977879269408807  
  -0.1038670451861552  
  0.011009607945292377  
  0.12947354970471592  
  0.4607825338603174  
  0.10886738936973075  
  0.040775109383338004  
  0.1383532118764752  
  0.22922749654025507  
  -0.010477664595915204  
  -0.015863068816700077  
  -0.14114395312425632  
  -0.1023312534912289  
  -0.21044562251059473  
  -0.1697569391388115  
  0.23257961439284208  
  -0.1023894320884483  
  -0.054289900745718656  
  -0.015982254939296114  
  -0.2909292811592784  
  -0.07664609090093383  
  -0.13706223097431408  
  0.026064698892261318  
  0.07137887756082018  
  -0.09241501751477499  
  -0.07879908331340135  
  0.10501073599398192  
  0.1539705799156645  
  0.010699871201556743  
  0.045334551620231256  
  -0.34001714742593686  
  -0.13970155311117766  
  0.06758488840028565  
  -0.11864124932746267  
  -0.12251399697391191  
  -0.2391660306035467  
  -0.12855732852690555  
  -0.29419824959544194  
  -0.01204531298132483  
  -0.1784368721848847  
  0.12798857815379563  
  0.13620186409786333  
  0.028461823853370316  
  -0.3008966835470944  
  -0.15733143801687538  
  0.07732918214934542  
  0.027318356455429738  
  0.09179466109019119  
  -0.031863955391239374  
  -0.08588470012024157  
  0.08728061651469748  
  -0.08391538938670406  
  0.36055069263841677  
  0.02973712544615731  
  0.1894204106929985  
  -0.15113242797089005  
  0.030450934167444377  
  0.1461582103812428  
  0.21425972160102208  
  -0.04544111643998133  
  0.005999275698257145  
  0.1133892807089811  
  -0.06526671550722235  
  0.17547108249554103  
  0.2864287913685835  
  0.09800060100347491  
  0.2591655730265906  
  0.24246886408637291  
  0.31501974444299263  
  0.1383807424250892  
  0.42248112959830864  
  0.2684156126637277  
  0.16034077007534842  
  0.1030694392177698  
  0.03256316719018193  
  0.08400134459738486  
  -0.09967614107827805  
  -0.18779634433696996  
  0.16685211864887148  
  0.19757775566590163  
  -0.02110215736152407  
  -0.00912814873256168  
  -0.15410158863175843  
  -0.06738131955675669  
  0.23243077426617054  
  0.11492604802795785  
  -0.08442029818989855  
  0.0788559162434907  
  0.06710592174450597  
  -0.07532973844186369  
  -0.21109065410438427  
  -0.1845150811523266  
  -0.1747264159488486  
  -0.1903485787532935  
  -0.1857202424776103  
  -0.16259738833408807  
  -0.014554290225417321  
  -0.27259488010891897  
  -0.30356667499092643  
  0.07730301519325851  
  -0.379160577058968  
  -0.11252019787321722  
  -0.3289678236154818  
  0.01396239799671728  
  -0.05386325345075136  
  -0.14454142079040405  
  0.13981617020368625  
  0.2196130107953151  
  -0.19578363656306783  
  0.13530289667429518  
  -0.0858035146821457  
  -0.18927105788020085  
  -0.033824531023649185  
  -0.023117665199004656  
  0.14099241306261806  
  -0.13470688315331059  
  0.11631540511099381  
  0.022984467516103613  
  0.027522671887162842  
  -0.06831633992455421  
  -0.19495504115913878  
  0.10949162112842736  
  -0.05472179291311202  
  -0.07692573351600024  
  0.24010900852209843  
  -0.008749405582578085  
  -0.06885749466097335  
  -0.03648316977890781  
  0.2174314454953324  
  0.04494519390226864  
  0.04350565067874346  
  0.0784494367833315  
  0.01335404882160629  
  0.14017982755129266  
  -0.22230081757518427  
  -0.10268863413928775  
  0.1627976743740147  
  -0.16250776878993295  
  -0.24398800982460467  
  -0.10928190983694486  
  -0.08308975743145297  
  0.05110516959425082  
  0.42347181870763895  
  0.266783967629179  
  -0.015889456882331676  
  0.1046496563180116