# index timeseries 
-0.5306605289465083  
  -0.40714178951008284  
  1.1837689982614936  
  1.1349970023033242  
  1.0523189606664127  
  -0.7585645806966814  
  0.188201271514647  
  0.15350520233838288  
  1.0193273755998284  
  -0.23507304826833975  
  0.5463198962298136  
  -1.758226430419497  
  1.6792907580911167  
  0.16185808596574408  
  1.5847842473533196  
  0.4798844081088291  
  -0.6036978099690328  
  0.6538822230703948  
  -1.5490043953573283  
  -0.7765924023972767  
  1.1356834740410582  
  -0.2821289856142597  
  -0.5624074499795021  
  -1.5168026003849642  
  0.8145126751313665  
  -1.469083117420749  
  0.6521568242231532  
  -0.038991868991090195  
  0.6468476806047262  
  0.07284661455724023  
  -0.35456811012625916  
  -0.5924877494037151  
  -0.13965892654173157  
  1.270374066994594  
  0.2531631173806709  
  0.2648067646919326  
  0.35536097259515426  
  -0.2478163843522146  
  0.17857781066089976  
  -0.5693399032029415  
  1.1383975513963058  
  0.20578327594327311  
  -0.1537434810137483  
  0.5018041818617297  
  0.2711530494638944  
  -0.41203910326321525  
  0.3610563049945573  
  -2.1435953962348018  
  -0.2181020480440995  
  -0.501663724559862  
  1.019993129421095  
  1.0418619042867103  
  -0.26123668258342575  
  0.5795318383260089  
  -0.9370681111921267  
  1.268568562924842  
  0.2779185481858075  
  0.6593204253661473  
  0.4123982518089757  
  -1.6784974719664612  
  0.8686509866578203  
  -0.6341728291589923  
  0.05446938656240294  
  0.3448799717592761  
  1.175294863651374  
  0.2794131706056022  
  0.38184668785217263  
  0.25953796651440325  
  1.597273307720355  
  1.0730925877464252  
  -2.106418910190092  
  -1.4567750229235168  
  -2.5776875926460554  
  0.5639328271129891  
  0.4657503694619606  
  0.3395148951327486  
  0.20154702775067046  
  -1.799717701884424  
  0.41924121309534257  
  0.944029875450485  
  0.418832218962256  
  -0.15909129828500793  
  -0.2557883187909114  
  -0.07786122726090183  
  -0.7161796542400714  
  -0.7049841084722868  
  -1.3391899372507547  
  1.1127479554844826  
  -0.6685396188015639  
  0.6923641394734574  
  -0.2966957053891763  
  1.194674609062643  
  -0.5678565797362471  
  -2.9358511298061476  
  -0.5762052363615275  
  -0.6013856930442225  
  -1.4725369940737316  
  -0.08024201214461762  
  -0.9550354364021543  
  -1.7167229411459188  
  -1.4652194662799045  
  -0.43204853291674894  
  0.37998494623755064  
  0.6320581195218751  
  1.3636785092658137  
  1.008070744065489  
  -0.5410074264848693  
  -0.05884256011955519  
  -0.8880584087315364  
  -1.6577254945983038  
  -0.9904265699519319  
  -0.6485201902229641  
  -0.5906175205926213  
  0.42957859654538155  
  -0.2330471731183174  
  -2.247394539993598  
  -1.484818761161187  
  -2.4287787924236586  
  0.16484455706771406  
  1.5185969546053226  
  2.091570330320018  
  0.27449240416462195  
  1.032940072431118  
  0.28359065430161745  
  -0.16207193062468256  
  0.7197162672355402  
  -1.1413219256212468  
  0.16462167468591304  
  0.6557821143887155  
  0.31749069356012205  
  0.7073018910784867  
  0.2678798359371303  
  1.147964888350852  
  -0.36640759658059235  
  0.143856939686256  
  0.2667943793316985  
  -0.7604907676400712  
  1.568146715668462  
  1.3811171990657383  
  0.010631429983872343  
  -1.0460406897991132  
  -0.23813669665181503  
  0.4850767315373059  
  -0.49547922815890827  
  1.655296683214261  
  1.2800896128521175  
  1.039102756863687  
  0.9952194204862779  
  -0.21517723257522836  
  0.8959169158218252