# index timeseries 
-0.9656734787233776  
  -0.824637439626622  
  0.7835539275409394  
  0.75182579071441  
  0.6859548879447932  
  -1.1083582348153513  
  -0.1452586842654186  
  -0.16385777536742352  
  0.717824655703936  
  -0.5209522306186634  
  0.2758275311607137  
  -2.0135686984717185  
  1.4388618667914286  
  -0.063894148845756  
  1.3734719487656624  
  0.28277532548066964  
  -0.7868403969020397  
  0.48446941156819534  
  -1.7049241516930655  
  -0.9192558238308968  
  1.00603966724521  
  -0.39898989803668117  
  -0.666722188292842  
  -1.6088078848535678  
  0.7345801242431542  
  -1.5371796549929153  
  0.5956595797026877  
  -0.08412654072420012  
  0.6128388613946267  
  0.049726927605806104  
  -0.36703538508337313  
  -0.594539332630854  
  -0.13153153830324077  
  1.2884437064343695  
  0.2809382877573857  
  0.3020507457412417  
  0.4018370440527124  
  -0.19234494275075248  
  0.24280790214192052  
  -0.4965878821067071  
  1.2194347818434084  
  0.2948689954768991  
  -0.056845992657944266  
  0.6062767187753666  
  0.382963914671019  
  -0.29312663002694817  
  0.4868336659956217  
  -2.0111898677332856  
  -0.07930507230647599  
  -0.3567120218504766  
  1.170862838837897  
  1.1984129001465837  
  -0.09924112054482609  
  0.7467352462789896  
  -0.7648935775891101  
  1.4454775019135493  
  0.45932517229586045  
  0.8449880143332007  
  0.6020900853686844  
  -1.4850181140784424  
  1.0656811486098037  
  -0.43382858340738906  
  0.25789099584928066  
  0.5511422243170832  
  1.3841610392157655  
  0.49064654891223247  
  0.5952105486366968  
  0.47479558951247597  
  1.8141879726676313  
  1.2914275743785597  
  -1.886900322137444  
  -1.236309553714701  
  -2.356511962545417  
  0.7855818978411051  
  0.6876361605532091  
  0.5614006863227841  
  0.4231960987751481  
  -1.5785420712898495  
  0.6397066829956688  
  1.1635484643922176  
  0.6371672066810501  
  0.057823367946502516  
  -0.04053069431103  
  0.13550263520300543  
  -0.5049462740564834  
  -0.4961179308333633  
  -1.132927682420841  
  1.3161695672410416  
  -0.468195370382705  
  0.8893943042902711  
  -0.103216344438753  
  1.3843664458823306  
  -0.3821889873116401  
  -2.7544445020409665  
  -0.39929629352011753  
  -0.4292111553909288  
  -1.3053335818728993  
  0.08175355433940795  
  -0.7984844358992803  
  -1.565853226888542  
  -1.3202677585323697  
  -0.2932515519434016  
  0.5123904801723657  
  0.7578354861538124  
  1.4825909883305282  
  1.1198816152986355  
  -0.4365348833476361  
  0.03805493465741955  
  -0.7989726825791653  
  -1.5766882573348813  
  -0.9176745418418034  
  -0.5842900915304746  
  -0.535146071582116  
  0.4760546756095575  
  -0.1958031842648162  
  -2.2196193616151163  
  -1.4667491135220703  
  -2.4206513957882523  
  0.16279298243506524  
  1.5061296884402733  
  2.068450652358223  
  0.24048359414173615  
  0.9878054100827962  
  0.22709341936351457  
  -0.23016845841691197  
  0.6397837263248394  
  -1.2333271999147644  
  0.060306946745233514  
  0.538921212536529  
  0.1878468975320835  
  0.5646384806102505  
  0.11196009076435154  
  0.9785520882091854  
  -0.5495501719554916  
  -0.05325213118622163  
  0.05548209269729765  
  -0.9862429903007401  
  1.3277178367171794  
  1.1257749435594968  
  -0.25986092234167346  
  -1.331919859208308  
  -0.5396394034090042  
  0.1677137671677773  
  -0.8289391704051214  
  1.3055030428270178  
  0.9137255540594995  
  0.6559315594013491  
  0.5950043640898741  
  -0.6326728681700426  
  0.4609039807642554