# index timeseries 
-0.16113333641234884  
  -0.6260386327346943  
  -0.22786740456581867  
  0.7800359324689362  
  1.4062916267677223  
  -0.002835164023079706  
  0.728038146478544  
  0.16463017931265878  
  1.5103258484014153  
  0.36957648836697277  
  0.1532323153357269  
  -0.06644103967333415  
  2.303852005446563  
  0.22508393258017545  
  0.8381018201311672  
  0.2314405706236664  
  -0.36251543894570104  
  0.6425958612075123  
  -0.9858903149690657  
  -0.11648104140912019  
  0.5117944799698112  
  0.45203542431992805  
  -0.9254058622353819  
  -1.1839393727732455  
  1.5299087380623462  
  -1.2587261382753714  
  0.19162131492720802  
  -0.4494014415136962  
  -0.6387124951134797  
  0.6524353186365945  
  -0.69619726848557  
  0.9174990610202743  
  0.1893415057976765  
  1.8645776685090476  
  0.42481989064272135  
  0.5497322874079733  
  -0.019334056483792383  
  0.07466874101342214  
  -0.7571735521852213  
  -0.8569559718218939  
  0.7546280380260755  
  -0.5610980599235702  
  -0.8970205945875102  
  0.14397466615831805  
  1.1548698011870924  
  -0.5922433253930309  
  0.16569001473167766  
  -1.4427938600432113  
  0.4571979119918844  
  -1.5546381109179594  
  1.3585639697263212  
  1.2937460988073388  
  -0.5129189324577559  
  0.18482569777811034  
  -0.6398047181878395  
  1.4280623914663448  
  1.2610371655602073  
  -0.804556052516251  
  -0.18423909133365302  
  -2.057367245267092  
  0.6243635773848  
  -1.6324848854694058  
  0.8359002863398376  
  -1.1548893426054812  
  1.743288778976811  
  1.26695358393135  
  -0.867425827682194  
  0.2965016074889909  
  1.6313688931258825  
  0.8986973240111056  
  -1.568675874369135  
  -1.8725940037975317  
  -1.8269350629364696  
  0.6574683803142346  
  2.261894866619389  
  -0.7867939779388624  
  0.10096711691084337  
  -1.426658822229407  
  0.7687890294609109  
  1.321584686437589  
  -0.5338700081111689  
  -1.6076456431571713  
  -0.4040815262436526  
  0.05996714875479267  
  -1.6920976435829673  
  -0.4969684785409804  
  -1.3092363567782646  
  -0.46169293333699996  
  -0.6073235846616252  
  1.0171044032798486  
  -1.557998694174992  
  1.3580237680645886  
  1.2015695307918852  
  -0.9886867225002522  
  -0.9648695522766908  
  -0.5919599123068932  
  -2.2852791724036807  
  -0.32430965474577167  
  0.2793460560113832  
  -4.532148732182053  
  -0.9481476072704785  
  -0.9512654919359412  
  -1.1089239868167242  
  0.45579190521992385  
  -0.6593083840675097  
  1.3563923771488486  
  -0.6876584379302729  
  -1.7488955296576054  
  -0.5202851516821163  
  -2.338574464593815  
  -1.4869139550032502  
  0.5696194408014852  
  -1.0187137647122693  
  1.6703971205962205  
  0.39389982355567543  
  -2.2887435750652494  
  -0.4719203640048216  
  -2.021004399738927  
  -0.1963098315991918  
  1.8729369936100642  
  1.8101365383090813  
  -0.2835670988462608  
  1.4638709578708258  
  1.4859575442091706  
  -0.844322722435092  
  2.486807068450157  
  -0.6155983490801844  
  0.41545714777718823  
  -0.04970007430315082  
  -0.3041465903641478  
  0.8295863837628705  
  -0.616668563885811  
  2.5730099739735985  
  -0.020509710809833215  
  0.3554615180724996  
  0.14918702118210247  
  -1.0354010471259607  
  1.8848789303407032  
  1.7190869817011647  
  -0.16851771391602344  
  -1.9887716399250341  
  -0.14832780638633725  
  -0.05538626947669112  
  -0.7922568882385861  
  0.6640147962046934  
  1.9731011260188231  
  2.3830004430457707  
  2.150840238437862  
  -0.23158700776325358  
  1.7763230798604845