# index timeseries 
-0.4062197372198363  
  -0.4381523087246969  
  1.1841888426662726  
  0.9865065429094573  
  1.2592697614512973  
  -0.6454397730933822  
  0.2076901371682846  
  -0.19893201581710374  
  1.1768726130158311  
  -0.4435384983196681  
  0.8706586959284834  
  -2.1162499322174093  
  1.622493256480427  
  0.31615859048571415  
  1.5521852605785067  
  0.4760276715092836  
  -0.5832418935457087  
  1.055671432773604  
  -1.5629895032147674  
  -0.6828580268259663  
  1.3302495072995184  
  0.05072091406512447  
  -0.656135649863163  
  -1.6944844151679408  
  0.9506510332060886  
  -1.3648192207961445  
  0.7897706550102732  
  -0.3729089052639357  
  0.5719497546059581  
  -0.3213541465146815  
  -0.6267109264896982  
  -0.37621785088837023  
  -0.44979331123590005  
  1.2336082531694381  
  0.24003427482910905  
  0.38665815894562533  
  0.3643801158846309  
  0.026595312670402937  
  0.2631769488585352  
  -0.30860260796453143  
  1.103455600751667  
  0.3712555219799185  
  -0.5243890127348316  
  0.4301454912660266  
  0.3361545278640778  
  -0.5982918046143029  
  0.02843178577315858  
  -2.2182287934753946  
  -0.4227153363803895  
  -0.7520596600084264  
  0.8468554300296971  
  0.888048126089039  
  -0.30240866097440267  
  0.4948415749932272  
  -0.8477537703453623  
  1.2948671757756043  
  0.05405867717689829  
  0.6245301429066168  
  0.4360072868983712  
  -1.2177402243181787  
  0.8833185652803424  
  -0.649975871019608  
  0.4979998481883554  
  0.5433019876332494  
  1.4375150406736545  
  0.5107520308060166  
  0.002985245559691499  
  0.1692991793920747  
  1.763407527379035  
  1.1882339449895487  
  -1.9786805851094527  
  -1.6587120412129561  
  -2.449242292772195  
  0.5835112308021682  
  0.6569224863929063  
  0.5052542737921272  
  0.16963661593339008  
  -1.7698166125687242  
  0.1320834959713187  
  1.1176198722784854  
  0.4247584857880855  
  -0.40718820971937064  
  -0.21825682563053803  
  -0.0009613818300059918  
  -0.3664015769667561  
  -0.7562162894634608  
  -1.0306486096145484  
  1.0541530460977875  
  -0.8008974565499571  
  0.7179644554438727  
  -0.3964381593790207  
  1.204689111035998  
  -0.5354969349816128  
  -2.7814166920332855  
  -0.2766031061352986  
  -0.49671116965797046  
  -2.014338496028977  
  -0.1421946075584795  
  -1.171945984008429  
  -1.827360266396688  
  -1.6504756453989256  
  -0.3591254055376971  
  0.3679276474650377  
  0.8592885607739572  
  1.31583803306546  
  0.990079018075596  
  -0.4822267004828504  
  -0.4310070793530775  
  -1.0798642607808187  
  -1.9091702466899871  
  -1.0772905756609772  
  -0.7862106019693632  
  -0.5605343899941794  
  0.4187503590893451  
  -0.1467260273935025  
  -2.065725617634038  
  -1.4473948223081985  
  -2.3438218427090636  
  0.0226743088790895  
  1.4494080545817223  
  2.038331752149175  
  0.39602789976491726  
  1.2004794979289688  
  0.4112396725624642  
  -0.5717445735316443  
  0.6823204188750805  
  -0.9767948959584616  
  0.13163116350614767  
  0.5047320485903831  
  0.24338770209666383  
  0.766313158254106  
  0.011620049556599898  
  1.0059530864569584  
  -0.2272522199528707  
  0.20771576825897364  
  0.5488865822692238  
  -0.516014177484732  
  1.3416339888749391  
  1.3985714716091735  
  0.16193388667915565  
  -1.0612707743538818  
  -0.30979161094467655  
  0.7266160329544923  
  -0.4413413422310948  
  1.5521984109943228  
  1.4316877391697242  
  0.9924458286265846  
  1.1273373698332878  
  -0.20848047884768806  
  0.8213974144734225