# index timeseries 
-0.8551911720968774  
  -0.8690443568058769  
  0.7711318653427554  
  0.5910403203054047  
  0.8811499775285108  
  -1.0064574343731008  
  -0.13646971750656448  
  -0.5264783799252817  
  0.865695423436126  
  -0.7385908294090986  
  0.591486907291129  
  -2.379785494440886  
  1.3743496046326302  
  0.08316253297539827  
  1.3340924813674737  
  0.272593854559335  
  -0.772261064272771  
  0.8808225922312294  
  -1.7239123296106524  
  -0.8300991551135602  
  1.1964457610820172  
  -0.06988976612048226  
  -0.7637975800550736  
  -1.7894419114043536  
  0.8681536548869753  
  -1.4351007972361567  
  0.7314605644111638  
  -0.4194918260603407  
  0.5368496875740593  
  -0.34521567582027257  
  -0.6395782341071798  
  -0.3783352528559408  
  -0.4414051235917578  
  1.2522577143870945  
  0.2687006935820818  
  0.4250972191957158  
  0.4123475015936408  
  0.08384670780013398  
  0.32946803737078895  
  -0.23351614210795324  
  1.1870931279143713  
  0.4631997944105505  
  -0.4243823110744702  
  0.5379703061179191  
  0.451553139869303  
  -0.4755637114939433  
  0.1582450439704543  
  -2.081574686239361  
  -0.2794646961438166  
  -0.6024568028095125  
  1.0025661881527537  
  1.04962246909804  
  -0.13521504911765553  
  0.667410139659522  
  -0.6700545689077181  
  1.4774526979463993  
  0.24128620404264617  
  0.816155358429119  
  0.6317858750394295  
  -1.018052579596763  
  1.0866709505439176  
  -0.4432030612520716  
  0.7079487664216544  
  0.7561826982941129  
  1.6530832277238838  
  0.7287633782074137  
  0.22319543727405788  
  0.3914638993812122  
  1.9872824596047454  
  1.4135747734136328  
  -1.752118176525192  
  -1.4311723685067181  
  -2.220969671982177  
  0.8122724836377665  
  0.8859280552358874  
  0.7342598426042926  
  0.39839786867654137  
  -1.5415439919327856  
  0.359623168461847  
  1.3441822805854047  
  0.6500993138731973  
  -0.1833132778942643  
  0.003907893896364166  
  0.2192488093604938  
  -0.14839023015085692  
  -0.5406481030603607  
  -0.8177678996624458  
  1.2641019635606945  
  -0.5941246476144443  
  0.9213168398137932  
  -0.19675051561289095  
  1.400467698160139  
  -0.34387172053765946  
  -2.594189166307718  
  -0.094017585166315  
  -0.31901196948376953  
  -1.8417699326877566  
  0.02499900291156193  
  -1.010371642447765  
  -1.6716495097835997  
  -1.5008727897716114  
  -0.2158747669343556  
  0.5045817530062086  
  0.989101817214759  
  1.4385661243676946  
  1.1054776282010645  
  -0.37440188757234577  
  -0.3310003796957354  
  -0.9879199904148374  
  -1.825532721653565  
  -1.0022041119923126  
  -0.7199195157066544  
  -0.5032829971756246  
  0.46671774242554753  
  -0.10828696957785111  
  -2.0370592013771356  
  -1.4287453636482434  
  -2.3354336576842547  
  0.02055690423055445  
  1.4365407442216447  
  2.0144702200393563  
  0.36092782986715966  
  1.1538965742050737  
  0.3529295789742335  
  -0.6420261530224093  
  0.599823037443583  
  -1.0717523953688899  
  0.023969230078590087  
  0.38412136510749817  
  0.1095839525202531  
  0.6190720265459713  
  -0.1493027803214576  
  0.8311042423707802  
  -0.4162713942853684  
  0.004281947641958772  
  0.33079379932949315  
  -0.749010238785377  
  1.0934903331751813  
  1.1350359054721046  
  -0.11723790593342209  
  -1.3563231094801673  
  -0.6209688046228677  
  0.3990696646861971  
  -0.7855012011276926  
  1.191180745431224  
  1.0535679509019262  
  0.596979601615889  
  0.7142803880414963  
  -0.6393725314587735  
  0.3724259750048444