# index timeseries 
-0.7689135585760779  
  -0.39015320081778027  
  0.5953698082646387  
  0.8757156240862186  
  -0.1469604755504189  
  -0.826577983299637  
  -0.12288668734249397  
  0.7827550889786126  
  -0.056346310951488676  
  0.5826544925275454  
  -0.5359597718938706  
  0.38962904594244707  
  0.9508791804842008  
  -0.33969185980198024  
  0.7688151403740058  
  0.26978707384673806  
  -0.2939609702470769  
  -0.486228343215822  
  -1.0624905242028766  
  -0.7264405744822062  
  -0.06020759211218718  
  -1.27666226463557  
  0.12313285073947206  
  -0.5182009044487359  
  -0.10245527544238142  
  -0.9118536689466364  
  0.013947916020307316  
  0.8459548697614541  
  0.38169331547973495  
  1.0775975999902636  
  0.4851555324983013  
  -0.7716718334885693  
  0.6753889080297589  
  0.6942649913995846  
  0.05558458920632808  
  -0.520319965373362  
  0.002637608851782103  
  -1.238930347285704  
  -0.1856554091468811  
  -1.1591252650880903  
  0.5448158817888138  
  -0.6036192648758203  
  1.0493715652835942  
  0.49386330750224644  
  0.022693984244444132  
  0.12980701901550912  
  0.8493790871018443  
  -0.8383766894759743  
  -0.009104392257981986  
  0.45471492399855323  
  0.9118677822732163  
  0.8006449059379515  
  0.14153571193633735  
  0.3568643851894847  
  -0.6538599112152411  
  0.46693213005046863  
  1.0085663650054721  
  0.4569035483630016  
  0.2018510673022914  
  -1.8725796485722503  
  0.5357594975884564  
  0.139202000962247  
  -1.0268937757211567  
  -0.15102218407695933  
  -0.23567553849441547  
  -0.5251647780472569  
  1.5331189040226758  
  0.7894112661034782  
  0.3906284662855365  
  0.5299909465949757  
  -0.7723084620365026  
  -0.045671750761528185  
  -1.5788697140963974  
  0.4189809642453185  
  -0.1866555642848089  
  -0.21442121909734269  
  0.34519370979204117  
  -0.44300930955017925  
  1.1537794710941145  
  0.12244281089046558  
  0.40348794745105004  
  0.6325883140831383  
  -0.06135580578988181  
  -0.41789335830705787  
  -1.1703893764178086  
  0.5097033243228657  
  -1.310262811125111  
  0.7612381694687299  
  0.169064386712013  
  0.4583289446852178  
  0.2791103899736155  
  0.8239367673313036  
  -0.08508132045128683  
  -1.5329153180142598  
  -0.6004116627251077  
  -0.621459915319523  
  0.6987297340488035  
  0.0791152699365498  
  -0.0461634548509622  
  -0.5293283802663072  
  -0.1293899904829494  
  -0.3804196363445601  
  0.12109778593478476  
  -0.3909254248420464  
  0.6298503328216172  
  0.43308935067067544  
  -0.5004137748468238  
  0.9662954169000559  
  0.05814275039196384  
  0.018729600405313074  
  -0.36196318101942454  
  -0.24806572033895152  
  -0.2512660002998601  
  0.04196300775899359  
  -0.4706262802696099  
  -1.455234186827243  
  -0.7314512913954327  
  -1.3725300089022103  
  0.4857533812515309  
  0.7889570679524381  
  1.3593642124926166  
  -0.2305204097861921  
  -0.21992512576969156  
  -0.4975289431371461  
  0.715771509763712  
  0.4958662017452923  
  -0.8064971998971621  
  0.46788573363821995  
  0.7576903807669989  
  0.07741828943663398  
  0.0015707466247629753  
  1.076110766186856  
  0.8715647800609937  
  -0.6848604880646424  
  -0.2198397833610396  
  -0.9388031420722243  
  -1.112796318078683  
  1.226301533242279  
  0.5641331197667242  
  -0.5054426663503966  
  -0.5205447010572981  
  -0.21023370626414495  
  -0.6762328203693352  
  -0.42685162678444755  
  1.0248687638818978  
  0.003238763169160608  
  0.8126407533177634  
  0.11426762475812668  
  -0.2855334339904131  
  0.31492377758280365