# index timeseries 
0.07854666846740699  
  0.0510824553871192  
  -0.11882446094023713  
  0.05702610716843992  
  0.02406873002565213  
  0.11127145572710262  
  -0.03586648629605449  
  0.1525649533946538  
  0.3618828142889754  
  0.25689632337665813  
  -0.007581706537125754  
  0.18612927416920755  
  0.04076421270024788  
  -0.053649844740389696  
  -0.04472184590661499  
  0.0031837759129995646  
  0.21478568679511412  
  -0.027007292154312523  
  0.1745953435202825  
  0.23860184882378377  
  -0.04174055334341631  
  -0.04083677020788379  
  0.15524027647745342  
  0.043484605267282816  
  -0.13767662166798367  
  -0.07980224221897458  
  0.04564282357036653  
  0.15963330714535395  
  0.02896627424084741  
  0.004135155948157276  
  0.23777075823652183  
  0.1753162344872905  
  -0.00874130134690354  
  -0.03800605153656633  
  -0.3049369317921453  
  -0.15453516281676904  
  0.00712663881241582  
  -0.11812161662626863  
  -0.18709259697950742  
  -0.0609265534069614  
  -0.1511492122269935  
  -0.21161627870083777  
  -0.18725592207897535  
  -0.2640861324737145  
  -0.258281417026172  
  -0.062037477335461944  
  -0.10961754277170854  
  -0.21310485765863518  
  -0.06246085540688995  
  -0.006161945928585766  
  -0.27642019587410616  
  -0.22428026008964608  
  -0.1895258070932755  
  -0.31420853366233104  
  -0.0033462925800193943  
  -0.22157779386831677  
  0.11981060840784252  
  0.11007138617228307  
  -0.016801930301561185  
  -0.039905944407237826  
  -0.11219380403293755  
  0.18522353653667878  
  0.14214958224545526  
  0.1002047783448532  
  -0.1491966143008625  
  -0.0762999570198204  
  0.13467157513914785  
  0.14612108886550246  
  0.20358538835845863  
  0.05930370091293469  
  -0.06260097237242945  
  0.14506512460587473  
  0.12320088711152621  
  -0.0176971638593848  
  0.3308228149548569  
  0.3461175435249615  
  0.10009406530795673  
  -0.08118064887096565  
  0.05899582408390458  
  0.043761530437212315  
  -0.05771925368799913  
  0.0947405444621836  
  0.12326655049810853  
  0.21898272682211584  
  0.12814876276526732  
  0.11467304455802463  
  0.1059447170978558  
  -0.08329508497168803  
  0.24193998173317866  
  0.04672064169976764  
  0.11305601968393475  
  0.09897376461145768  
  0.1576339716971873  
  0.17886818390987003  
  -0.009910039790536729  
  -0.14658331353976806  
  -0.0035381882411513743  
  0.04948008158871886  
  -0.11055058351793434  
  0.12473201431486203  
  0.011254007289263512  
  -0.23482764506104203  
  -0.3717555498527574  
  -0.2955362912533559  
  -0.27313764270034113  
  -0.2604283252020174  
  -0.3531610548228308  
  -0.2345061501663004  
  -0.06947692452588683  
  -0.17369856863644628  
  -0.04578253269329835  
  0.0008041575467281348  
  -0.13694295348277663  
  -0.08302822979548807  
  -0.12148449304667253  
  -0.3403149018056695  
  -0.3735240489679903  
  -0.16410319124749506  
  -0.07100389724770295  
  -0.24043588376549252  
  -0.1979175681592551  
  -0.14911072411063486  
  -0.1220819867514713  
  -0.17854552844503857  
  -0.34089743683782814  
  0.055739225936378034  
  0.07573175418909983  
  0.03377550619670089  
  0.27399432229121956  
  0.05987124995800386  
  0.02177166090115179  
  -0.02876765593889985  
  0.22240124865659539  
  0.04904012395521207  
  0.21292112571867605  
  0.20449606669112086  
  0.1608956841772411  
  0.22665313552566602  
  0.1898600802822905  
  -0.06844100108412832  
  0.2465516034625388  
  0.18617799707170235  
  0.08070131756075227  
  0.19600787169238032  
  -0.03157154524533112  
  0.045267601659734424  
  0.19598217581089372  
  0.22092045906849478  
  0.13048131617863845  
  0.08677793683858326