# index timeseries 
-13.800478560600933  
  -2.0524697489700094  
  -8.262263557163834  
  1.7101422404781657  
  14.63369751803799  
  -5.009438995526597  
  -4.203671499873996  
  5.432331417517993  
  6.995788557635243  
  -4.899379984995585  
  5.566756907100814  
  -24.867617628064348  
  24.614322792297273  
  10.998242746939269  
  8.545522586936967  
  -3.974738695728039  
  -12.645429894052901  
  7.347219070325615  
  -15.465958016700078  
  -3.1686273588422393  
  8.826939752127405  
  -1.4096416887005159  
  -16.37256559827074  
  -3.4135471214932673  
  21.882016219349648  
  -19.629817299298043  
  3.5227309998680543  
  -8.64390522977859  
  -2.4551462457459166  
  -6.100538504414653  
  -15.056930025171152  
  -7.9248610501718115  
  -7.882035955738942  
  27.01220388632845  
  2.327178449959537  
  15.535891705191741  
  10.05511695208663  
  16.25489517793664  
  13.042343207058797  
  -8.131060349628267  
  13.653099748425863  
  13.928258469775914  
  -3.0779261931622557  
  23.06923166167418  
  7.441344339297527  
  -14.631564079383924  
  4.784433211162019  
  -3.1230872302550026  
  4.952547735971697  
  -15.179064055671542  
  23.446705273592006  
  17.326895701013314  
  7.817125493003331  
  7.088349675712008  
  -9.00577603370748  
  9.033024803787209  
  4.883059486867531  
  11.12139872386367  
  20.09230979637244  
  -5.816169034350207  
  7.0300567066453  
  -10.361637856178547  
  -1.3727704819198725  
  -2.006667966373813  
  16.151268452507022  
  7.875177035090313  
  -18.65410962691613  
  -3.458723842420334  
  13.131255182246113  
  3.5264613634105366  
  -17.512654074525425  
  -18.703546933830324  
  -18.411193288333592  
  8.038949082013458  
  -0.059211652524829184  
  1.9467622486791734  
  1.5386284856894656  
  -23.788119844881358  
  9.829939979960647  
  10.389623553478959  
  5.648448239690142  
  -10.053327841843739  
  -12.823093238086727  
  2.050481357058627  
  -3.878659998860801  
  -20.89630477695615  
  -14.066400195147459  
  -1.9039328647254559  
  -22.537090777903938  
  8.92339481833179  
  -21.803280180969224  
  6.64735304542387  
  -7.21132712999436  
  -13.161422064056726  
  -4.5954472509235025  
  -10.905138465682176  
  -20.596182199119788  
  8.251792804224543  
  -4.793432864543003  
  -33.72165707855716  
  -13.430587256858614  
  -9.370088887779431  
  -0.6675918388843942  
  7.6082945618593785  
  5.242587421848125  
  4.264068232126826  
  11.258611217811271  
  -11.292056463537017  
  -5.185777365520361  
  -13.077172094228214  
  -10.311954414243543  
  -4.805625605461046  
  4.764568255039718  
  2.0372545555696293  
  -3.0966404202273923  
  -12.64474529944548  
  2.353039671905101  
  -15.379644358516552  
  1.4452775375689026  
  26.75675378550496  
  27.48103544789734  
  3.09232678571594  
  14.114109795946232  
  16.800254207557156  
  5.5504902546659265  
  5.937993063422065  
  -13.433245256501586  
  13.1100800568799  
  -4.600635177267133  
  -3.260426534455502  
  14.269041914857342  
  -8.979091997547641  
  10.876199724594455  
  4.4002577938569765  
  -3.650411715716918  
  -5.968337515732691  
  -12.194583300185023  
  12.885086295498715  
  14.165938441420739  
  -2.147594825510031  
  -33.28711725534734  
  3.0181839291498838  
  15.625272022801196  
  -20.691859495044202  
  9.664386110575403  
  24.15306748137869  
  12.534399953723884  
  9.895080080642947  
  -6.855015052671643  
  10.584868999453478