# index timeseries 
2.989381715085567e-06  
  6.916201844053881e-07  
  3.0909567739573187e-06  
  -1.2799197128698975e-06  
  -7.638442300739742e-06  
  -4.545172167671488e-06  
  -4.520040574277923e-06  
  2.931149626628012e-07  
  -6.302645680185708e-06  
  6.717806416458553e-06  
  -7.871546816017904e-06  
  8.136444399829928e-06  
  -1.3158895212175878e-05  
  1.7545191300882384e-06  
  -7.555819444088947e-06  
  1.7479952866860671e-06  
  5.932235237350812e-06  
  -6.271864457330142e-06  
  1.7994085105704104e-06  
  6.424233160625611e-06  
  -2.5197227488999646e-06  
  -4.088036786948991e-06  
  4.45499653972939e-06  
  -1.7372303988894884e-06  
  -5.59184677017053e-06  
  8.70412435198577e-06  
  -9.56480433726269e-06  
  -1.0515496861097577e-06  
  -5.1567391236868555e-06  
  -4.906811362834886e-06  
  8.161747546564952e-06  
  3.4337652410442097e-06  
  -5.286589942061914e-07  
  -8.944265784609624e-06  
  6.403870654197321e-06  
  -2.337758576466387e-07  
  2.178299114698327e-06  
  -2.5990596581816676e-06  
  -3.057762875226672e-06  
  1.1241469500121306e-06  
  1.7378816865202923e-06  
  -4.64652875854082e-06  
  2.1354608910310614e-06  
  -3.990442055955725e-06  
  1.723318781542796e-06  
  7.818136071211335e-06  
  -1.217104002541783e-06  
  3.7798895174577036e-06  
  -8.353000380053234e-06  
  8.848740830649045e-06  
  -4.1064959863109424e-06  
  -8.410299057871809e-06  
  3.893080131053622e-06  
  3.1123830477717377e-06  
  6.3117948505157025e-06  
  -5.3288073927983915e-06  
  -8.099497894361616e-07  
  8.208746910540693e-07  
  1.6225492317259925e-06  
  -1.6260526298697152e-06  
  1.2703410040951595e-06  
  7.5924864944718415e-06  
  -3.278444943530494e-06  
  2.000399165559023e-06  
  -1.6278621643447726e-06  
  1.3125237283448553e-06  
  7.5578260113687426e-06  
  6.168314993709467e-06  
  -6.970988998974133e-06  
  1.6715557810040317e-06  
  4.4010916979922414e-06  
  9.194958671297762e-06  
  8.68366301362804e-06  
  6.9091524285955e-08  
  -2.0546527471252057e-06  
  -4.776317025375921e-06  
  -1.1784774216580793e-06  
  9.133075628575372e-06  
  -1.0040227333438592e-06  
  -6.6545018768940755e-06  
  -3.952354483355056e-06  
  9.229523827906879e-06  
  1.407911665210153e-06  
  -4.827643601001184e-06  
  4.863452163682775e-06  
  9.024347204342412e-06  
  5.84132718670215e-06  
  -3.8524252499120454e-06  
  2.663127926775457e-06  
  -3.4798407787953966e-06  
  4.719881944825947e-06  
  -8.191448105911247e-06  
  3.6447764054061338e-06  
  1.1725389883893891e-05  
  6.809032099310381e-07  
  4.4173534441778815e-06  
  3.283923392728595e-06  
  -3.692397118182757e-06  
  2.3221847491388753e-07  
  1.003172055108097e-05  
  3.2558617673873883e-06  
  2.3361265910666725e-06  
  4.011452647314649e-06  
  3.693597219862912e-07  
  6.750540599721728e-07  
  -2.9670152184939427e-06  
  -6.490995704881858e-06  
  -9.51588639692011e-07  
  7.859549173153798e-06  
  9.061385011701177e-06  
  2.5134674004345805e-07  
  -1.2752103207991852e-07  
  -2.393377488621903e-06  
  -6.870402921082441e-06  
  4.314908965101876e-06  
  4.079484878352726e-06  
  6.274419809638808e-06  
  2.0202114841656164e-06  
  3.3432975183745558e-06  
  -1.0879474779605305e-05  
  -1.099008890843016e-05  
  -2.9155508545502422e-06  
  -8.897451686415917e-06  
  -9.265265459933946e-06  
  -4.5698039943708485e-06  
  4.3007444282266524e-07  
  7.764725823884477e-06  
  -1.1044419071354853e-05  
  -7.738369014828012e-06  
  -1.8395278245081038e-06  
  -1.0824816630250449e-05  
  3.429061258118397e-06  
  -9.135875002522756e-06  
  1.4493122616649092e-06  
  -8.74189788064847e-07  
  -2.698490204874885e-06  
  2.8782497988333367e-06  
  -1.1089163302840917e-06  
  -6.672576928592471e-06  
  1.8594624261308789e-06  
  8.689851745752309e-06  
  -3.9440787829653384e-06  
  -5.989595596087603e-06  
  8.001132733249071e-06  
  3.3257701531941e-06