# index timeseries 
-5.7078005842268196e-06  
  -1.8168106925836315e-06  
  6.558112977082537e-07  
  -1.8909415586890047e-07  
  6.078710981726745e-06  
  -6.64464063703432e-07  
  2.644016299327038e-06  
  3.950342301832198e-06  
  1.2701893174202946e-06  
  -2.772008380451518e-06  
  7.614445920095037e-07  
  -4.256166164630335e-06  
  5.339671080639827e-06  
  9.620553747329653e-07  
  3.789431230419592e-06  
  -7.077757528127954e-07  
  -1.2074297416393319e-06  
  -2.168324873522991e-06  
  -3.5628598032543684e-06  
  -7.249192571119476e-07  
  3.111584625937428e-06  
  -1.0808425354498377e-07  
  -3.1243755657957403e-06  
  -2.115145102571725e-06  
  4.98208282325276e-06  
  -7.477446502771222e-06  
  1.5321631995453744e-06  
  8.293280943427657e-07  
  2.3908110164409173e-06  
  -3.2539069997045806e-07  
  -4.052932334859294e-06  
  -4.398496093332654e-06  
  -1.2133723156930497e-06  
  7.980018981010802e-06  
  7.203309805073582e-07  
  3.672158453205785e-06  
  2.717389677633275e-06  
  3.162256850534346e-06  
  1.4011118824759153e-06  
  -2.517241740844881e-06  
  2.763161378823967e-06  
  1.0828231960286576e-06  
  1.1521599324591406e-07  
  3.1870203690234186e-06  
  1.068269360185487e-06  
  -1.3559445391899005e-06  
  1.8533208658135644e-06  
  -5.36942164091446e-06  
  1.1323546466910785e-06  
  -4.530122414304434e-06  
  7.339453404387452e-06  
  3.499421826804533e-06  
  -2.2582424345702804e-07  
  1.026421595323363e-07  
  -4.392694902593206e-06  
  2.0726888640155904e-06  
  4.336781204688429e-07  
  1.4015192988045758e-06  
  1.3348357197252525e-06  
  -6.443135112541109e-06  
  -5.758623466592435e-07  
  -1.0859250026410192e-07  
  -5.43897302787544e-06  
  1.1283396289504515e-06  
  8.556518619407528e-07  
  1.4067443780300945e-06  
  -5.274672339170893e-06  
  1.3338549795605405e-06  
  3.5646314147145828e-06  
  2.447107532451448e-07  
  -1.6485510531716283e-06  
  -3.994777600859391e-06  
  -5.125358978242229e-06  
  3.3007280183638746e-06  
  1.9340927481040836e-06  
  3.092360289118225e-06  
  9.40507311114566e-07  
  -3.7276664861570963e-06  
  1.0488729307507423e-06  
  5.314429120372093e-06  
  1.6266105760778915e-06  
  -8.787884583565545e-07  
  -1.0726412246165758e-06  
  -1.1780218253738865e-07  
  -7.602213736906252e-07  
  -6.148876864823362e-06  
  -3.222331525844819e-06  
  4.5591420059327035e-06  
  5.63157552847377e-07  
  2.232110006885825e-06  
  -3.2363427303910654e-06  
  3.3245088760734315e-06  
  1.1528616553803863e-06  
  -7.342078402208803e-06  
  -6.498727039662345e-06  
  -6.608266009089208e-06  
  -1.6092278083396406e-06  
  1.5086442930720663e-06  
  -1.8361783333319145e-06  
  -7.587740400366085e-06  
  -4.53361842058045e-06  
  -9.042028431459633e-07  
  -2.4673944703741124e-06  
  -4.4258220538356737e-07  
  1.3821157593652838e-06  
  -1.0448520899670652e-06  
  1.5852543649050131e-06  
  -2.85057627787293e-06  
  -8.099278911351146e-07  
  -2.1783494089891876e-06  
  -3.966004328614895e-06  
  2.5567540017605442e-06  
  6.40005404165187e-07  
  3.1496547427556517e-06  
  -3.657019755316587e-08  
  -4.687587286770584e-06  
  -2.1731940238156714e-06  
  -4.776953091257456e-06  
  -3.933554032824004e-07  
  1.0359171746734361e-05  
  1.1717113392554538e-05  
  -1.1722813283048038e-06  
  5.330464480652824e-06  
  5.54898752611307e-06  
  5.281451137094213e-06  
  7.683885602260878e-06  
  -8.028382403056647e-06  
  3.994579697089244e-06  
  4.133947599664788e-06  
  2.565539110827269e-06  
  3.5687778229560044e-06  
  -4.643449444565877e-06  
  5.384206790159054e-06  
  -8.345172304407818e-07  
  -5.297486214008129e-07  
  -3.375575160687673e-06  
  -1.6309345575676821e-06  
  2.729667466367747e-06  
  4.847517401370855e-06  
  -6.398055319784197e-07  
  -7.80357276426468e-06  
  -1.4136133932739128e-06  
  8.143545222410548e-07  
  -4.6278429219850546e-06  
  2.4631276802912326e-06